  -7.50146   1.20061  -1.00098 Pb  0  0  0  0  0  0
  -1.47286   1.00867  -0.97817 W   0  0  0  0  0  0
  -0.47774   1.34868   0.45257 O   0  0  0  0  0  0
  -7.37830   5.06632  -1.02336 W   0  0  0  0  0  0
  -6.38319   5.40626   0.40731 O   0  0  0  0  0  0
  -7.39221   5.08915   2.84429 Pb  0  0  0  0  0  0
  -1.34970   4.87438  -1.00055 Pb  0  0  0  0  0  0
  -8.41381   3.67163  -0.65567 O   0  0  0  0  0  0
 -10.46119   3.24085   0.91025 Pb  0  0  0  0  0  0
  -4.43259   3.04891   0.93306 W   0  0  0  0  0  0
  -3.39708   4.44368   0.56530 O   0  0  0  0  0  0
  -4.41868   3.02608  -2.93459 Pb  0  0  0  0  0  0
  -5.41485   3.45181   2.35625 O   0  0  0  0  0  0
 -10.44728   3.21802  -2.95739 W   0  0  0  0  0  0
 -11.42955   3.62091  -1.53420 O   0  0  0  0  0  0
  -6.39604   4.66342  -2.44669 O   0  0  0  0  0  0
  -1.36361   4.89721   2.86709 W   0  0  0  0  0  0
  -0.38134   4.49432   1.44376 O   0  0  0  0  0  0
  -8.32018   6.52404  -1.39860 O   0  0  0  0  0  0
  -4.30943   6.91462   0.91068 Pb  0  0  0  0  0  0
  -3.49071   1.59126   1.30823 O   0  0  0  0  0  0
 -10.33803   7.10656   0.88787 W   0  0  0  0  0  0
 -11.33315   6.76662  -0.54294 O   0  0  0  0  0  0
  -5.42770   2.70897  -0.49775 O   0  0  0  0  0  0
  -8.45725   2.68117   2.49143 O   0  0  0  0  0  0
  -9.54884   0.76991   0.56487 O   0  0  0  0  0  0
  -2.39911   3.50252   3.23478 O   0  0  0  0  0  0
  -2.41474   2.46639  -1.35341 O   0  0  0  0  0  0
  -9.41178   4.61278  -3.32515 O   0  0  0  0  0  0
  -9.39615   5.64891   1.26304 O   0  0  0  0  0  0
  -2.26205   7.34539  -0.65524 O   0  0  0  0  0  0
  -3.35364   5.43414  -2.58180 O   0  0  0  0  0  0
